# name: debug
# type: sparse matrix
# nnz: 15552
# rows: 864
# columns: 864

1 1 2.00000005
2 1 7.27442538e-10
3 1 -6.82326037e-10
4 1 -2.08210368e-10
5 1 0.189511329
6 1 0.0804205141
7 1 -0.999460393
8 1 0.022462593
9 1 -0.0239682818
10 1 0
11 1 0
12 1 0
1 2 7.27442538e-10
2 2 1.99999995
3 2 7.0255551e-10
4 2 -0.189511325
5 2 2.64924983e-10
6 2 -0.106410831
7 2 -0.0218231577
8 2 -0.999407507
9 2 -0.0266145069
10 2 0
11 2 0
12 2 0
1 3 -6.82326037e-10
2 3 7.0255551e-10
3 3 2.00000004
4 3 -0.0804205174
5 3 0.106410838
6 3 -5.67146143e-11
7 3 0.0245519123
8 3 0.0260770804
9 3 -0.999358454
10 3 0
11 3 0
12 3 0
1 4 -2.08210368e-10
2 4 -0.189511325
3 4 -0.0804205174
4 4 2.04238197
5 4 -0.00855761457
6 4 0.0201660587
7 4 0.00216125818
8 4 0.18730191
9 4 0.0854126698
10 4 -0.999460329
11 4 0.0224625928
12 4 -0.0239682805
1 5 0.189511329
2 5 2.64924983e-10
3 5 0.106410838
4 5 -0.00855761457
5 5 2.0472379
6 5 0.0152405978
7 5 -0.186796475
8 5 0.00703179961
9 5 -0.110884825
10 5 -0.0218231587
11 5 -0.999407608
12 5 -0.0266145078
1 6 0.0804205141
2 6 -0.106410831
3 6 -5.67146143e-11
4 6 0.0201660587
5 6 0.0152405978
6 6 2.01779074
7 6 -0.078054897
8 6 0.108154238
9 6 0.000904530303
10 6 0.0245519107
11 6 0.0260770808
12 6 -0.999358403
1 7 -0.999460393
2 7 -0.0218231577
3 7 0.0245519123
4 7 0.00216125818
5 7 -0.186796475
6 7 -0.078054897
7 7 2.00000006
8 7 -2.63800292e-09
9 7 -4.45758952e-09
10 7 6.64289829e-10
11 7 0.298940837
12 7 0.137288791
13 7 -0.99226749
14 7 -0.0289254023
15 7 0.120700063
16 7 0
17 7 0
18 7 0
1 8 0.022462593
2 8 -0.999407507
3 8 0.0260770804
4 8 0.18730191
5 8 0.00703179961
6 8 0.108154238
7 8 -2.63800292e-09
8 8 1.99999992
9 8 -1.83023266e-09
10 8 -0.298940842
11 8 -2.96818879e-11
12 8 -0.063704045
13 8 0.0276032378
14 8 -0.99953937
15 8 -0.0126121169
16 8 0
17 8 0
18 8 0
1 9 -0.0239682818
2 9 -0.0266145069
3 9 -0.999358454
4 9 0.0854126698
5 9 -0.110884825
6 9 0.000904530303
7 9 -4.45758952e-09
8 9 -1.83023266e-09
9 9 2.00000008
10 9 -0.137288798
11 9 0.0637040461
12 9 -6.34607942e-10
13 9 -0.121009275
14 9 0.00918288353
15 9 -0.992608916
16 9 0
17 9 0
18 9 0
1 10 0
2 10 0
3 10 0
4 10 -0.999460329
5 10 -0.0218231587
6 10 0.0245519107
7 10 6.64289829e-10
8 10 -0.298940842
9 10 -0.137288798
10 10 2.10821385
11 10 -0.00874585049
12 10 0.019043743
13 10 0.00836148244
14 10 0.297542444
15 10 0.140044361
16 10 -0.992267517
17 10 -0.0289254033
18 10 0.120700061
1 11 0
2 11 0
3 11 0
4 11 0.0224625928
5 11 -0.999407608
6 11 0.0260770808
7 11 0.298940837
8 11 -2.96818879e-11
9 11 0.0637040461
10 11 -0.00874585049
11 11 2.09342392
12 11 0.0410412299
13 11 -0.304338069
14 11 -0.00806199755
15 11 -0.0271510254
16 11 0.0276032381
17 11 -0.999539403
18 11 -0.0126121191
1 12 0
2 12 0
3 12 0
4 12 -0.0239682805
5 12 -0.0266145078
6 12 -0.999358403
7 12 0.137288791
8 12 -0.063704045
9 12 -6.34607942e-10
10 12 0.019043743
11 12 0.0410412299
12 12 2.02290643
13 12 -0.137985648
14 12 0.0597035694
15 12 0.0173742094
16 12 -0.121009278
17 12 0.0091828814
18 12 -0.992608895
7 13 -0.99226749
8 13 0.0276032378
9 13 -0.121009275
10 13 0.00836148244
11 13 -0.304338069
12 13 -0.137985648
13 13 1.99999994
14 13 4.68436421e-09
15 13 -5.39405241e-09
16 13 -3.84057483e-10
17 13 0.27458314
18 13 0.185896399
19 13 -0.995203401
20 13 -0.055416593
21 13 0.080616789
22 13 0
23 13 0
24 13 0
7 14 -0.0289254023
8 14 -0.99953937
9 14 0.00918288353
10 14 0.297542444
11 14 -0.00806199755
12 14 0.0597035694
13 14 4.68436421e-09
14 14 2.00000004
15 14 -2.634189e-09
16 14 -0.274583171
17 14 1.31931559e-09
18 14 0.00394622892
19 14 0.0540920705
20 14 -0.998364157
21 14 -0.0185236643
22 14 0
23 14 0
24 14 0
7 15 0.120700063
8 15 -0.0126121169
9 15 -0.992608916
10 15 0.140044361
11 15 -0.0271510254
12 15 0.0173742094
13 15 -5.39405241e-09
14 15 -2.634189e-09
15 15 2.00000002
16 15 -0.185896409
17 15 -0.00394622918
18 15 -9.35258108e-10
19 15 -0.0815114181
20 15 0.0140740858
21 15 -0.996573041
22 15 0
23 15 0
24 15 0
7 16 0
8 16 0
9 16 0
10 16 -0.992267517
11 16 0.0276032381
12 16 -0.121009278
13 16 -3.84057483e-10
14 16 -0.274583171
15 16 -0.185896409
16 16 2.10995341
17 16 0.000733587235
18 16 -0.00108356222
19 16 0.000299908519
20 16 0.271517659
21 16 0.190345636
22 16 -0.995203486
23 16 -0.0554165905
24 16 0.0806167825
7 17 0
8 17 0
9 17 0
10 17 -0.0289254033
11 17 -0.999539403
12 17 0.0091828814
13 17 0.27458314
14 17 1.31931559e-09
15 17 -0.00394622918
16 17 0.000733587235
17 17 2.07541147
18 17 0.0510440206
19 17 -0.272944428
20 17 -0.0152720026
21 17 0.0260687166
22 17 0.0540920745
23 17 -0.998364102
24 17 -0.0185236634
7 18 0
8 18 0
9 18 0
10 18 0.120700061
11 18 -0.0126121191
12 18 -0.992608895
13 18 0.185896399
14 18 0.00394622892
15 18 -9.35258108e-10
16 18 -0.00108356222
17 18 0.0510440206
18 18 2.03457302
19 18 -0.184791279
20 18 -0.0142415181
21 18 0.014913273
22 18 -0.0815114289
23 18 0.0140740851
24 18 -0.996573009
13 19 -0.995203401
14 19 0.0540920705
15 19 -0.0815114181
16 19 0.000299908519
17 19 -0.272944428
18 19 -0.184791279
19 19 1.9999999
20 19 7.29861456e-10
21 19 -5.5979875e-09
22 19 6.998266e-11
23 19 0.277731419
24 19 0.116908287
25 19 -0.999025824
26 19 -0.0155812822
27 19 0.0412853865
28 19 0
29 19 0
30 19 0
13 20 -0.055416593
14 20 -0.998364157
15 20 0.0140740858
16 20 0.271517659
17 20 -0.0152720026
18 20 -0.0142415181
19 20 7.29861456e-10
20 20 2.00000004
21 20 -2.54027121e-09
22 20 -0.277731435
23 20 1.69230073e-10
24 20 0.00369729857
25 20 0.0146372464
26 20 -0.999626669
27 20 -0.0230704835
28 20 0
29 20 0
30 20 0
13 21 0.080616789
14 21 -0.0185236643
15 21 -0.996573041
16 21 0.190345636
17 21 0.0260687166
18 21 0.014913273
19 21 -5.5979875e-09
20 21 -2.54027121e-09
21 21 1.99999997
22 21 -0.116908284
23 21 -0.00369729875
24 21 -2.39212733e-10
25 21 -0.0416294368
26 21 0.0224437108
27 21 -0.998880952
28 21 0
29 21 0
30 21 0
13 22 0
14 22 0
15 22 0
16 22 -0.995203486
17 22 0.0540920745
18 22 -0.0815114289
19 22 6.998266e-11
20 22 -0.277731435
21 22 -0.116908284
22 22 2.09080229
23 22 0.000432242926
24 22 -0.00102685232
25 22 0.000801602944
26 22 0.275003885
27 22 0.123184863
28 22 -0.999025867
29 22 -0.0155812788
30 22 0.0412853837
13 23 0
14 23 0
15 23 0
16 23 -0.0554165905
17 23 -0.998364102
18 23 0.0140740851
19 23 0.277731419
20 23 1.69230073e-10
21 23 -0.00369729875
22 23 0.000432242926
23 23 2.07714833
24 23 0.032469107
25 23 -0.277306951
26 23 -0.00441039283
27 23 0.0151594103
28 23 0.0146372495
29 23 -0.999626622
30 23 -0.023070487
13 24 0
14 24 0
15 24 0
16 24 0.0806167825
17 24 -0.0185236634
18 24 -0.996573009
19 24 0.116908287
20 24 0.00369729857
21 24 -2.39212733e-10
22 24 -0.00102685232
23 24 0.032469107
24 24 2.01368114
25 24 -0.116740283
26 24 -0.00551749914
27 24 0.00474130549
28 24 -0.0416294414
29 24 0.0224437063
30 24 -0.998880953
19 25 -0.999025824
20 25 0.0146372464
21 25 -0.0416294368
22 25 0.000801602944
23 25 -0.277306951
24 25 -0.116740283
25 25 1.99999983
26 25 1.29575075e-09
27 25 1.95283742e-09
28 25 -1.74692905e-10
29 25 0.226622651
30 25 0.14695057
31 25 -0.996852861
32 25 -0.0467042706
33 25 0.0640538072
34 25 0
35 25 0
36 25 0
19 26 -0.0155812822
20 26 -0.999626669
21 26 0.0224437108
22 26 0.275003885
23 26 -0.00441039283
24 26 -0.00551749914
25 26 1.29575075e-09
26 26 1.99999989
27 26 -3.51672487e-09
28 26 -0.226622651
29 26 -3.03334197e-10
30 26 0.00422413655
31 26 0.0461419513
32 26 -0.998882439
33 26 -0.0102310787
34 26 0
35 26 0
36 26 0
19 27 0.0412853865
20 27 -0.0230704835
21 27 -0.998880952
22 27 0.123184863
23 27 0.0151594103
24 27 0.00474130549
25 27 1.95283742e-09
26 27 -3.51672487e-09
27 27 1.99999991
28 27 -0.146950574
29 27 -0.00422413612
30 27 4.78027102e-10
31 27 -0.0644600688
32 27 0.00724331022
33 27 -0.997893916
34 27 0
35 27 0
36 27 0
19 28 0
20 28 0
21 28 0
22 28 -0.999025867
23 28 0.0146372495
24 28 -0.0416294414
25 28 -1.74692905e-10
26 28 -0.226622651
27 28 -0.146950574
28 28 2.07295221
29 28 0.000620737327
30 28 -0.000957285845
31 28 -0.000984367494
32 28 0.22530499
33 28 0.148959683
34 28 -0.996852899
35 28 -0.0467042717
36 28 0.064053814
19 29 0
20 29 0
21 29 0
22 29 -0.0155812788
23 29 -0.999626622
24 29 0.0224437063
25 29 0.226622651
26 29 -3.03334197e-10
27 29 -0.00422413612
28 29 0.000620737327
29 29 2.05137552
30 29 0.0333023298
31 29 -0.225637162
32 29 -0.0106148429
33 29 0.018731285
34 29 0.0461419504
35 29 -0.998882403
36 29 -0.0102310758
19 30 0
20 30 0
21 30 0
22 30 0.0412853837
23 30 -0.023070487
24 30 -0.998880953
25 30 0.14695057
26 30 0.00422413655
27 30 4.78027102e-10
28 30 -0.000957285845
29 30 0.0333023298
30 30 2.0216122
31 30 -0.146293195
32 30 -0.0110826358
33 30 0.00936952656
34 30 -0.0644600662
35 30 0.0072433132
36 30 -0.997893941
25 31 -0.996852861
26 31 0.0461419513
27 31 -0.0644600688
28 31 -0.000984367494
29 31 -0.225637162
30 31 -0.146293195
31 31 1.99999981
32 31 -9.93119594e-10
33 31 -6.12743302e-09
34 31 8.47644692e-10
35 31 0.223480806
36 31 0.121867091
37 31 -0.99268722
38 31 -0.0397915669
39 31 0.113967736
40 31 0
41 31 0
42 31 0
25 32 -0.0467042706
26 32 -0.998882439
27 32 0.00724331022
28 32 0.22530499
29 32 -0.0106148429
30 32 -0.0110826358
31 32 -9.93119594e-10
32 32 1.99999999
33 32 3.59075253e-09
34 32 -0.22348083
35 32 1.95550348e-10
36 32 0.0944480405
37 32 0.0406763889
38 32 -0.999157562
39 32 0.00544788209
40 32 0
41 32 0
42 32 0
25 33 0.0640538072
26 33 -0.0102310787
27 33 -0.997893916
28 33 0.148959683
29 33 0.018731285
30 33 0.00936952656
31 33 -6.12743302e-09
32 33 3.59075253e-09
33 33 1.99999991
34 33 -0.121867103
35 33 -0.0944480416
36 33 -1.04319504e-09
37 33 -0.113654938
38 33 -0.0100438406
39 33 -0.993469552
40 33 0
41 33 0
42 33 0
25 34 0
26 34 0
27 34 0
28 34 -0.996852899
29 34 0.0461419504
30 34 -0.0644600662
31 34 8.47644692e-10
32 34 -0.22348083
33 34 -0.121867103
34 34 2.06479523
35 34 0.0115101119
36 34 -0.0211073251
37 34 0.00476040472
38 34 0.224516563
39 34 0.119853753
40 34 -0.992687278
41 34 -0.0397915734
42 34 0.113967736
25 35 0
26 35 0
27 35 0
28 35 -0.0467042717
29 35 -0.998882403
30 35 0.0072433132
31 35 0.223480806
32 35 1.95550348e-10
33 35 -0.0944480416
34 35 0.0115101119
35 35 2.05886401
36 35 0.0272349545
37 35 -0.211112066
38 35 -0.00794403089
39 35 0.11930085
40 35 0.0406763834
41 35 -0.999157524
42 35 0.00544788416
25 36 0
26 36 0
27 36 0
28 36 0.064053814
29 36 -0.0102310758
30 36 -0.997893941
31 36 0.121867091
32 36 0.0944480405
33 36 -1.04319504e-09
34 36 -0.0211073251
35 36 0.0272349545
36 36 2.02377196
37 36 -0.117134105
38 36 -0.0992177515
39 36 0.0144034589
40 36 -0.113654941
41 36 -0.0100438387
42 36 -0.993469516
31 37 -0.99268722
32 37 0.0406763889
33 37 -0.113654938
34 37 0.00476040472
35 37 -0.211112066
36 37 -0.117134105
37 37 2
38 37 -1.49376277e-09
39 37 3.20530839e-09
40 37 -1.08115718e-09
41 37 0.21946879
42 37 0.0904940682
43 37 -0.97649139
44 37 -0.129053036
45 37 0.17265572
46 37 0
47 37 0
48 37 0
31 38 -0.0397915669
32 38 -0.999157562
33 38 -0.0100438406
34 38 0.224516563
35 38 -0.00794403089
36 38 -0.0992177515
37 38 -1.49376277e-09
38 38 2
39 38 2.57137738e-09
40 38 -0.219468781
41 38 9.46954001e-10
42 38 0.267948228
43 38 0.123230374
44 38 -0.99139884
45 38 -0.0440740244
46 38 0
47 38 0
48 38 0
31 39 0.113967736
32 39 0.00544788209
33 39 -0.993469552
34 39 0.119853753
35 39 0.11930085
36 39 0.0144034589
37 39 3.20530839e-09
38 39 2.57137738e-09
39 39 2.00000004
40 39 -0.0904940672
41 39 -0.267948239
42 39 1.34203172e-10
43 39 -0.176858571
44 39 0.0217614718
45 39 -0.983995675
46 39 0
47 39 0
48 39 0
31 40 0
32 40 0
33 40 0
34 40 -0.992687278
35 40 0.0406763834
36 40 -0.113654941
37 40 -1.08115718e-09
38 40 -0.219468781
39 40 -0.0904940672
40 40 2.05635571
41 40 0.0242477314
42 40 -0.0588062767
43 40 -0.0110405696
44 40 0.215611818
45 40 0.0987186423
46 40 -0.976491291
47 40 -0.129053027
48 40 0.172655708
31 41 0
32 41 0
33 41 0
34 41 -0.0397915734
35 41 -0.999157524
36 41 -0.0100438387
37 41 0.21946879
38 41 9.46954001e-10
39 41 -0.267948239
40 41 0.0242477314
41 41 2.11996286
42 41 0.0198606205
43 41 -0.16692044
44 41 -0.0341540614
45 41 0.301552447
46 41 0.123230382
47 41 -0.991398932
48 41 -0.0440740244
31 42 0
32 42 0
33 42 0
34 42 0.113967736
35 42 0.00544788416
36 42 -0.993469516
37 42 0.0904940682
38 42 0.267948228
39 42 1.34203172e-10
40 42 -0.0588062767
41 42 0.0198606205
42 42 2.07998545
43 42 -0.055347315
44 42 -0.277322104
45 42 0.00381476102
46 42 -0.176858569
47 42 0.0217614764
48 42 -0.983995691
37 43 -0.97649139
38 43 0.123230374
39 43 -0.176858571
40 43 -0.0110405696
41 43 -0.16692044
42 43 -0.055347315
43 43 2.00000005
44 43 1.77517928e-08
45 43 -2.02877699e-08
46 43 9.4552317e-11
47 43 0.0360813957
48 43 0.027124258
49 43 -0.983360756
50 43 -0.104256408
51 43 0.148768908
52 43 0
53 43 0
54 43 0
37 44 -0.129053036
38 44 -0.99139884
39 44 0.0217614718
40 44 0.215611818
41 44 -0.0341540614
42 44 -0.277322104
43 44 1.77517928e-08
44 44 1.9999999
45 44 3.12722243e-09
46 44 -0.0360813945
47 44 -1.02022902e-09
48 44 0.345149363
49 44 0.097091747
50 44 -0.993773532
51 44 -0.0546556815
52 44 0
53 44 0
54 44 0
37 45 0.17265572
38 45 -0.0440740244
39 45 -0.983995675
40 45 0.0987186423
41 45 0.301552447
42 45 0.00381476102
43 45 -2.02877699e-08
44 45 3.12722243e-09
45 45 1.99999999
46 45 -0.0271242591
47 45 -0.345149377
48 45 9.25676707e-10
49 45 -0.153540798
50 45 0.0393020541
51 45 -0.987360418
52 45 0
53 45 0
54 45 0
37 46 0
38 46 0
39 46 0
40 46 -0.976491291
41 46 0.123230382
42 46 -0.176858569
43 46 9.4552317e-11
44 46 -0.0360813945
45 46 -0.0271242591
46 46 2.00203753
47 46 0.00936192381
48 46 -0.0124534522
49 46 0.000661474611
50 46 0.0347906971
51 46 0.028753473
52 46 -0.983360755
53 46 -0.104256428
54 46 0.148768882
37 47 0
38 47 0
39 47 0
40 47 -0.129053027
41 47 -0.991398932
42 47 0.0217614764
43 47 0.0360813957
44 47 -1.02022902e-09
45 47 -0.345149377
46 47 0.00936192381
47 47 2.12043003
48 47 0.000978696695
49 47 0.017513482
50 47 -0.0173267962
51 47 0.346154623
52 47 0.0970917295
53 47 -0.993773615
54 47 -0.0546557129
37 48 0
38 48 0
39 48 0
40 48 0.172655708
41 48 -0.0440740244
42 48 -0.983995691
43 48 0.027124258
44 48 0.345149363
45 48 9.25676707e-10
46 48 -0.0124534522
47 48 0.000978696695
48 48 2.1198638
49 48 0.00683822413
50 48 -0.345828193
51 48 -0.014829128
52 48 -0.153540813
53 48 0.0393020199
54 48 -0.987360379
43 49 -0.983360756
44 49 0.097091747
45 49 -0.153540798
46 49 0.000661474611
47 49 0.017513482
48 49 0.00683822413
49 49 1.99999997
50 49 -1.61519378e-08
51 49 -2.09540886e-08
52 49 -2.65420517e-10
53 49 -0.0229179922
54 49 -0.0919899224
55 49 -0.997777952
56 49 -0.00559286094
57 49 0.0663916858
58 49 0
59 49 0
60 49 0
43 50 -0.104256408
44 50 -0.993773532
45 50 0.0393020541
46 50 0.0347906971
47 50 -0.0173267962
48 50 -0.345828193
49 50 -1.61519378e-08
50 50 1.99999995
51 50 -3.56098529e-08
52 50 0.0229179947
53 50 -7.64987473e-11
54 50 0.24050985
55 50 0.00659131728
56 50 -0.999868357
57 50 0.0148289938
58 50 0
59 50 0
60 50 0
43 51 0.148768908
44 51 -0.0546556815
45 51 -0.987360418
46 51 0.028753473
47 51 0.346154623
48 51 -0.014829128
49 51 -2.09540886e-08
50 51 -3.56098529e-08
51 51 2.00000008
52 51 0.0919899317
53 51 -0.240509856
54 51 3.41919265e-10
55 51 -0.0662999858
56 51 -0.0152335887
57 51 -0.997683558
58 51 0
59 51 0
60 51 0
43 52 0
44 52 0
45 52 0
46 52 -0.983360755
47 52 0.0970917295
48 52 -0.153540813
49 52 -2.65420517e-10
50 52 0.0229179947
51 52 0.0919899317
52 52 2.00898744
53 52 -0.0221244631
54 52 0.00551202574
55 52 -0.00594787107
56 52 -0.0243163137
57 52 -0.0914369867
58 52 -0.997778047
59 52 -0.00559288667
60 52 0.066391664
43 53 0
44 53 0
45 53 0
46 53 -0.104256428
47 53 -0.993773615
48 53 0.0393020199
49 53 -0.0229179922
50 53 -7.64987473e-11
51 53 -0.240509856
52 53 -0.0221244631
53 53 2.05837032
54 53 0.00210827461
55 53 0.0388128683
56 53 0.00379200518
57 53 0.238431152
58 53 0.00659128849
59 53 -0.99986839
60 53 0.0148289317
43 54 0
44 54 0
45 54 0
46 54 0.148768882
47 54 -0.0546557129
48 54 -0.987360379
49 54 -0.0919899224
50 54 0.24050985
51 54 3.41919265e-10
52 54 0.00551202574
53 54 0.00210827461
54 54 2.06630711
55 54 0.0933707974
56 54 -0.239963695
57 54 -0.00254084734
58 54 -0.0663000063
59 54 -0.0152336515
60 54 -0.997683444
49 55 -0.997777952
50 55 0.00659131728
51 55 -0.0662999858
52 55 -0.00594787107
53 55 0.0388128683
54 55 0.0933707974
55 55 2
56 55 -2.75557165e-08
57 55 -1.59721157e-08
58 55 2.62989875e-10
59 55 -0.120287433
60 55 0.00448010054
61 55 -0.992059675
62 55 -0.0465623523
63 55 0.116831396
64 55 0
65 55 0
66 55 0
49 56 -0.00559286094
50 56 -0.999868357
51 56 -0.0152335887
52 56 -0.0243163137
53 56 0.00379200518
54 56 -0.239963695
55 56 -2.75557165e-08
56 56 2.00000008
57 56 -6.11924008e-08
58 56 0.12028744
59 56 -1.72088452e-10
60 56 0.245236148
61 56 0.0463177942
62 56 -0.998915259
63 56 -0.00480916492
64 56 0
65 56 0
66 56 0
49 57 0.0663916858
50 57 0.0148289938
51 57 -0.997683558
52 57 -0.0914369867
53 57 0.238431152
54 57 -0.00254084734
55 57 -1.59721157e-08
56 57 -6.11924008e-08
57 57 2.00000014
58 57 -0.00448009999
59 57 -0.24523613
60 57 -9.09014237e-11
61 57 -0.116928597
62 57 -0.000640373076
63 57 -0.993140153
64 57 0
65 57 0
66 57 0
49 58 0
50 58 0
51 58 0
52 58 -0.997778047
53 58 0.00659128849
54 58 -0.0663000063
55 58 2.62989875e-10
56 58 0.12028744
57 58 -0.00448009999
58 58 2.0144893
59 58 0.00109871488
60 58 0.0294988288
61 58 0.00609530053
62 58 -0.120154087
63 58 0.0038708852
64 58 -0.99205974
65 58 -0.0465623896
66 58 0.116831416
49 59 0
50 59 0
51 59 0
52 59 -0.00559288667
53 59 -0.99986839
54 59 -0.0152336515
55 59 -0.120287433
56 59 -1.72088452e-10
57 59 -0.24523613
58 59 0.00109871488
59 59 2.07460994
60 59 -0.000538858833
61 59 0.148007432
62 59 0.0057579086
63 59 0.229500508
64 59 0.0463177561
65 59 -0.998915225
66 59 -0.00480918187
49 60 0
50 60 0
51 60 0
52 60 0.066391664
53 60 0.0148289317
54 60 -0.997683444
55 60 0.00448010054
56 60 0.245236148
57 60 -9.09014237e-11
58 60 0.0294988288
59 60 -0.000538858833
60 60 2.06016089
61 60 0.00691427033
62 60 -0.245178725
63 60 -0.000655964686
64 60 -0.116928585
65 60 -0.000640393733
66 60 -0.993140172
55 61 -0.992059675
56 61 0.0463177942
57 61 -0.116928597
58 61 0.00609530053
59 61 0.148007432
60 61 0.00691427033
61 61 2.00000006
62 61 -4.33582082e-08
63 61 1.65846373e-08
64 61 -2.51354247e-10
65 61 -0.105420782
66 61 0.00882590569
67 61 -0.99686285
68 61 -0.0541116502
69 61 0.0577616405
70 61 0
71 61 0
72 61 0
55 62 -0.0465623523
56 62 -0.998915259
57 62 -0.000640373076
58 62 -0.120154087
59 62 0.0057579086
60 62 -0.245178725
61 62 -4.33582082e-08
62 62 2.00000012
63 62 -1.64542315e-08
64 62 0.105420783
65 62 3.85112113e-10
66 62 0.163759907
67 62 0.057493431
68 62 -0.996625443
69 62 0.0585855401
70 62 0
71 62 0
72 62 0
55 63 0.116831396
56 63 -0.00480916492
57 63 -0.993140153
58 63 0.0038708852
59 63 0.229500508
60 63 -0.000655964686
61 63 1.65846373e-08
62 63 -1.64542315e-08
63 63 2.00000014
64 63 -0.00882590647
65 63 -0.163759912
66 63 -1.33757864e-10
67 63 -0.0543965996
68 63 -0.0617226976
69 63 -0.996609948
70 63 0
71 63 0
72 63 0
55 64 0
56 64 0
57 64 0
58 64 -0.99205974
59 64 0.0463177561
60 64 -0.116928585
61 64 -2.51354247e-10
62 64 0.105420783
63 64 -0.00882590647
64 64 2.01119154
65 64 0.00144535928
66 64 0.0172636656
67 64 0.00654110176
68 64 -0.104520275
69 64 0.0149721193
70 64 -0.996862861
71 64 -0.0541116682
72 64 0.0577616848
55 65 0
56 65 0
57 65 0
58 65 -0.0465623896
59 65 -0.998915225
60 65 -0.000640393733
61 65 -0.105420782
62 65 3.85112113e-10
63 65 -0.163759912
64 65 0.00144535928
65 65 2.03793091
66 65 -0.000930442092
67 65 0.113998044
68 65 0.0158121957
69 65 0.157115475
70 65 0.0574934129
71 65 -0.996625441
72 65 0.0585855731
55 66 0
56 66 0
57 66 0
58 66 0.116831416
59 66 -0.00480918187
60 66 -0.993140172
61 66 0.00882590569
62 66 0.163759907
63 66 -1.33757864e-10
64 66 0.0172636656
65 66 -0.000930442092
66 66 2.02689527
67 66 0.000616901011
68 66 -0.163684874
69 66 0.0101037614
70 66 -0.054396558
71 66 -0.0617226622
72 66 -0.996609932
61 67 -0.99686285
62 67 0.057493431
63 67 -0.0543965996
64 67 0.00654110176
65 67 0.113998044
66 67 0.000616901011
67 67 2.00000002
68 67 -1.39876157e-08
69 67 4.40625967e-08
70 67 8.52738738e-11
71 67 -0.113803559
72 67 -0.00920433459
73 67 -0.999579016
74 67 -0.0288650872
75 67 -0.00293362657
76 67 0
77 67 0
78 67 0
61 68 -0.0541116502
62 68 -0.996625443
63 68 -0.0617226976
64 68 -0.104520275
65 68 0.0158121957
66 68 -0.163684874
67 68 -1.39876157e-08
68 68 2.00000008
69 68 3.70895717e-08
70 68 0.113803564
71 68 -4.07834532e-10
72 68 0.206354856
73 68 0.0287493495
74 68 -0.999012964
75 68 0.0338622244
76 68 0
77 68 0
78 68 0
61 69 0.0577616405
62 69 0.0585855401
63 69 -0.996609948
64 69 0.0149721193
65 69 0.157115475
66 69 0.0101037614
67 69 4.40625967e-08
68 69 3.70895717e-08
69 69 2
70 69 0.00920433472
71 69 -0.206354843
72 69 3.22560657e-10
73 69 0.00390823916
74 69 -0.0337636001
75 69 -0.999422157
76 69 0
77 69 0
78 69 0
61 70 0
62 70 0
63 70 0
64 70 -0.996862861
65 70 0.0574934129
66 70 -0.054396558
67 70 8.52738738e-11
68 70 0.113803564
69 70 0.00920433472
70 70 2.01303598
71 70 -0.00189935676
72 70 0.0234839319
73 70 0.00330775104
74 70 -0.114002003
75 70 -0.00534537442
76 70 -0.999578997
77 70 -0.0288650787
78 70 -0.00293370013
61 71 0
62 71 0
63 71 0
64 71 -0.0541116682
65 71 -0.996625441
66 71 -0.0617226622
67 71 -0.113803559
68 71 -4.07834532e-10
69 71 -0.206354843
70 71 -0.00189935676
71 71 2.05553356
72 71 0.00104748091
73 71 0.112949166
74 71 0.0102522322
75 71 0.206569465
76 71 0.028749358
77 71 -0.999012897
78 71 0.0338621976
61 72 0
62 72 0
63 72 0
64 72 0.0577616848
65 72 0.0585855731
66 72 -0.996609932
67 72 -0.00920433459
68 72 0.206354856
69 72 3.22560657e-10
70 72 0.0234839319
71 72 0.00104748091
72 72 2.04266709
73 72 0.0151330275
74 72 -0.205885484
75 72 0.00701463626
76 72 0.00390816689
77 72 -0.0337636294
78 72 -0.999422231
67 73 -0.999579016
68 73 0.0287493495
69 73 0.00390823916
70 73 0.00330775104
71 73 0.112949166
72 73 0.0151330275
73 73 2
74 73 7.17793599e-09
75 73 -7.26973188e-08
76 73 3.52515875e-11
77 73 -0.143681446
78 73 -0.0884223562
79 73 -0.997662392
80 73 0.0360693487
81 73 -0.0580404674
82 73 0
83 73 0
84 73 0
67 74 -0.0288650872
68 74 -0.999012964
69 74 -0.0337636001
70 74 -0.114002003
71 74 0.0102522322
72 74 -0.205885484
73 74 7.17793599e-09
74 74 2.00000001
75 74 -3.88709358e-08
76 74 0.143681442
77 74 5.5842502e-10
78 74 0.0783231929
79 74 -0.0397082363
80 74 -0.997234915
81 74 0.0628148543
82 74 0
83 74 0
84 74 0
67 75 -0.00293362657
68 75 0.0338622244
69 75 -0.999422157
70 75 -0.00534537442
71 75 0.206569465
72 75 0.00701463626
73 75 -7.26973188e-08
74 75 -3.88709358e-08
75 75 1.99999995
76 75 0.0884223575
77 75 -0.0783231968
78 75 -5.93676607e-10
79 75 0.0556143952
80 75 -0.0649726795
81 75 -0.996336062
82 75 0
83 75 0
84 75 0
67 76 0
68 76 0
69 76 0
70 76 -0.999578997
71 76 0.028749358
72 76 0.00390816689
73 76 3.52515875e-11
74 76 0.143681442
75 76 0.0884223575
76 76 2.02846282
77 76 -0.00692552323
78 76 0.0112536769
79 76 -0.000787780964
80 76 -0.149029193
81 76 -0.0790730535
82 76 -0.997662381
83 76 0.0360693384
84 76 -0.0580405685
67 77 0
68 77 0
69 77 0
70 77 -0.0288650787
71 77 -0.999012897
72 77 -0.0337636294
73 77 -0.143681446
74 77 5.5842502e-10
75 77 -0.0783231968
76 77 -0.00692552323
77 77 2.02677882
78 77 0.0127046787
79 77 0.138989679
80 77 -9.36283461e-05
81 77 0.0863755622
82 77 -0.0397082383
83 77 -0.997234917
84 77 0.0628148285
67 78 0
68 78 0
69 78 0
70 78 -0.00293370013
71 78 0.0338621976
72 78 -0.999422231
73 78 -0.0884223562
74 78 0.0783231929
75 78 -5.93676607e-10
76 78 0.0112536769
77 78 0.0127046787
78 78 2.01395303
79 78 0.085105584
80 78 -0.0812959617
81 78 0.010051935
82 78 0.0556142919
83 78 -0.064972701
84 78 -0.996336059
73 79 -0.997662392
74 79 -0.0397082363
75 79 0.0556143952
76 79 -0.000787780964
77 79 0.138989679
78 79 0.085105584
79 79 2.00000001
80 79 -9.51590917e-09
81 79 -1.02083016e-07
82 79 -3.01113507e-11
83 79 -0.0201372877
84 79 -0.0195828958
85 79 -0.99541023
86 79 0.0507574581
87 79 -0.0811309448
88 79 0
89 79 0
90 79 0
73 80 0.0360693487
74 80 -0.997234915
75 80 -0.0649726795
76 80 -0.149029193
77 80 -9.36283461e-05
78 80 -0.0812959617
79 80 -9.51590917e-09
80 80 1.99999998
81 80 -2.57103915e-08
82 80 0.020137287
83 80 -1.32951657e-09
84 80 -0.222190345
85 80 -0.056340636
86 80 -0.996087973
87 80 0.0680772247
88 80 0
89 80 0
90 80 0
73 81 -0.0580404674
74 81 0.0628148543
75 81 -0.996336062
76 81 -0.0790730535
77 81 0.0863755622
78 81 0.010051935
79 81 -1.02083016e-07
80 81 -2.57103915e-08
81 81 1.99999997
82 81 0.0195828956
83 81 0.222190348
84 81 1.35962792e-09
85 81 0.0773580929
86 81 -0.0723357374
87 81 -0.994375807
88 81 0
89 81 0
90 81 0
73 82 0
74 82 0
75 82 0
76 82 -0.997662381
77 82 -0.0397082383
78 82 0.0556142919
79 82 -3.01113507e-11
80 82 0.020137287
81 82 0.0195828956
82 82 2.00078893
83 82 0.00435114325
84 82 -0.00447427732
85 82 0.000380347875
86 82 -0.0214750521
87 82 -0.0181018664
88 82 -0.995410171
89 82 0.0507574401
90 82 -0.0811309047
73 83 0
74 83 0
75 83 0
76 83 0.0360693384
77 83 -0.997234917
78 83 -0.064972701
79 83 -0.0201372877
80 83 -1.32951657e-09
81 83 0.222190348
82 83 0.00435114325
83 83 2.04977401
84 83 0.000394349193
85 83 0.0372330819
86 83 -0.0170944195
87 83 -0.219306941
88 83 -0.0563406528
89 83 -0.996087947
90 83 0.0680772332
73 84 0
74 84 0
75 84 0
76 84 -0.0580405685
77 84 0.0628148285
78 84 -0.996336059
79 84 -0.0195828958
80 84 -0.222190345
81 84 1.35962792e-09
82 84 -0.00447427732
83 84 0.000394349193
84 84 2.04975203
85 84 0.032011359
86 84 0.220327147
87 84 -0.0135373229
88 84 0.0773581296
89 84 -0.0723357296
90 84 -0.994375834
79 85 -0.99541023
80 85 -0.056340636
81 85 0.0773580929
82 85 0.000380347875
83 85 0.0372330819
84 85 0.032011359
85 85 2.00000002
86 85 -1.60940783e-08
87 85 4.75263756e-08
88 85 -3.08066296e-10
89 85 0.0229672301
90 85 0.0620764896
91 85 -0.997460905
92 85 0.0165990423
93 85 -0.0692556614
94 85 0
95 85 0
96 85 0
79 86 0.0507574581
80 86 -0.996087973
81 86 -0.0723357374
82 86 -0.0214750521
83 86 -0.0170944195
84 86 0.220327147
85 86 -1.60940783e-08
86 86 1.99999995
87 86 6.15837158e-09
88 86 -0.0229672278
89 86 -1.77701208e-10
90 86 -0.193956758
91 86 -0.0179939181
92 86 -0.999646552
93 86 0.0195660514
94 86 0
95 86 0
96 86 0
79 87 -0.0811309448
80 87 0.0680772247
81 87 -0.994375807
82 87 -0.0181018664
83 87 -0.219306941
84 87 -0.0135373229
85 87 4.75263756e-08
86 87 6.15837158e-09
87 87 2
88 87 -0.0620764927
89 87 0.193956779
90 87 4.85767504e-10
91 87 0.0689063455
92 87 -0.0207625064
93 87 -0.997407157
94 87 0
95 87 0
96 87 0
79 88 0
80 88 0
81 88 0
82 88 -0.995410171
83 88 -0.0563406528
84 88 0.0773581296
85 88 -3.08066296e-10
86 88 -0.0229672278
87 88 -0.0620764927
88 88 2.00438097
89 88 -0.0120401449
90 88 0.00445459594
91 88 -0.0038641936
92 88 0.0242479749
93 88 0.061466157
94 88 -0.997460846
95 88 0.0165990371
96 88 -0.0692555906
79 89 0
80 89 0
81 89 0
82 89 0.0507574401
83 89 -0.996087947
84 89 -0.0723357296
85 89 0.0229672301
86 89 -1.77701208e-10
87 89 0.193956779
88 89 -0.0120401449
89 89 2.03814683
90 89 0.00142574448
91 89 -0.00954406101
92 89 -0.00364579464
93 89 -0.19504448
94 89 -0.017993924
95 89 -0.999646752
96 89 0.0195660086
79 90 0
80 90 0
81 90 0
82 90 -0.0811309047
83 90 0.0680772332
84 90 -0.994375834
85 90 0.0620764896
86 90 -0.193956758
87 90 4.85767504e-10
88 90 0.00445459594
89 90 0.00142574448
90 90 2.04147272
91 90 -0.0584288293
92 90 0.194918625
93 90 -0.00809411645
94 90 0.0689064033
95 90 -0.0207625516
96 90 -0.997407041
85 91 -0.997460905
86 91 -0.0179939181
87 91 0.0689063455
88 91 -0.0038641936
89 91 -0.00954406101
90 91 -0.0584288293
91 91 3.00000013
92 91 3.73619906e-09
93 91 2.32538155e-08
94 91 -1.06240186e-10
95 91 0.258490144
96 91 0.0789017364
97 91 -0.996044824
98 91 0.00116253899
99 91 -0.088845691
100 91 0
101 91 0
102 91 0
859 91 -0.0423281535
860 91 -0.69239571
861 91 -0.720275254
862 91 nan
863 91 -nan
864 91 nan
85 92 0.0165990423
86 92 -0.999646552
87 92 -0.0207625064
88 92 0.0242479749
89 92 -0.00364579464
90 92 0.194918625
91 92 3.73619906e-09
92 92 2.9999998
93 92 -3.30970466e-08
94 92 -0.258490125
95 92 -1.06609425e-10
96 92 -0.453404883
97 92 -0.0061992523
98 92 -0.998386954
99 92 0.0564357436
100 92 0
101 92 0
102 92 0
859 92 -0.781002683
860 92 0.472533552
861 92 -0.408346411
862 92 nan
863 92 -nan
864 92 nan
85 93 -0.0692556614
86 93 0.0195660514
87 93 -0.997407157
88 93 0.061466157
89 93 -0.19504448
90 93 -0.00809411645
91 93 2.32538155e-08
92 93 -3.30970466e-08
93 93 3.00000018
94 93 -0.0789017351
95 93 0.453404909
96 93 2.12849615e-10
97 93 0.0886367947
98 93 -0.0567632696
99 93 -0.994445391
100 93 0
101 93 0
102 93 0
859 93 -0.623091591
860 93 -0.545252339
861 93 0.560764417
862 93 nan
863 93 -nan
864 93 nan
85 94 0
86 94 0
87 94 0
88 94 -0.997460846
89 94 -0.017993924
90 94 0.0689064033
91 94 -1.06240186e-10
92 94 -0.258490125
93 94 -0.0789017351
94 94 2.51771146
95 94 -0.409691262
96 94 -0.205987352
97 94 -0.0053911511
98 94 0.262551893
99 94 0.0638753811
100 94 -0.99604474
101 94 0.0011625348
102 94 -0.088845708
859 94 0
860 94 0
861 94 0
862 94 nan
863 94 -nan
864 94 nan
85 95 0
86 95 0
87 95 0
88 95 0.0165990371
89 95 -0.999646752
90 95 -0.0207625516
91 95 0.258490144
92 95 -1.06609425e-10
93 95 0.453404909
94 95 -0.409691262
95 95 3.02062686
96 95 -0.197214347
97 95 -0.217279399
98 95 -0.0254362392
99 95 -0.473852138
100 95 -0.00619925244
101 95 -0.998387108
102 95 0.0564357128
859 95 0
860 95 0
861 95 0
862 95 nan
863 95 -nan
864 95 nan
85 96 0
86 96 0
87 96 0
88 96 -0.0692555906
89 96 0.0195660086
90 96 -0.997407041
91 96 0.0789017364
92 96 -0.453404883
93 96 2.12849615e-10
94 96 -0.205987352
95 96 -0.197214347
96 96 3.02371452
97 96 -0.0757788905
98 96 0.452765254
99 96 -0.0325983211
100 96 0.0886367635
101 96 -0.0567633047
102 96 -0.994445318
859 96 0
860 96 0
861 96 0
862 96 nan
863 96 -nan
864 96 nan
91 97 -0.996044824
92 97 -0.0061992523
93 97 0.0886367947
94 97 -0.0053911511
95 97 -0.217279399
96 97 -0.0757788905
97 97 2.00000035
98 97 3.48812795e-08
99 97 -5.81406254e-08
100 97 5.91398378e-09
101 97 1.55241964
102 97 1.96650976
103 97 0.623187939
104 97 -0.594721798
105 97 0.507881532
106 97 0
107 97 0
108 97 0
91 98 0.00116253899
92 98 -0.998386954
93 98 -0.0567632696
94 98 0.262551893
95 98 -0.0254362392
96 98 0.452765254
97 98 3.48812795e-08
98 98 2.00000001
99 98 -9.52658874e-08
100 98 -1.55241924
101 98 2.05771785e-07
102 98 2.23212019
103 98 0.586930039
104 98 -0.073534996
105 98 -0.806291505
106 98 0
107 98 0
108 98 0
91 99 -0.088845691
92 99 0.0564357436
93 99 -0.994445391
94 99 0.0638753811
95 99 -0.473852138
96 99 -0.0325983211
97 99 -5.81406254e-08
98 99 -9.52658874e-08
99 99 2.00000022
100 99 -1.96650935
101 99 -2.23212018
102 99 -2.11685769e-07
103 99 -0.5168663
104 99 -0.80056173
105 99 -0.303233617
106 99 0
107 99 0
108 99 0
91 100 0
92 100 0
93 100 0
94 100 -0.99604474
95 100 -0.00619925244
96 100 0.0886367635
97 100 5.91398378e-09
98 100 -1.55241924
99 100 -1.96650935
100 100 8.27716464
101 100 4.3894848
102 100 -3.46518593
103 100 0.105260887
104 100 1.68846924
105 100 1.8480142
106 100 0.623187715
107 100 -0.594721678
108 100 0.507881362
91 101 0
92 101 0
93 101 0
94 101 0.0011625348
95 101 -0.998387108
96 101 -0.0567633047
97 101 1.55241964
98 101 2.05771785e-07
99 101 -2.23212018
100 101 4.3894848
101 101 9.39236669
102 101 3.05284829
103 101 2.12115656
104 101 0.863692242
105 101 1.46529889
106 101 0.586930017
107 101 -0.073535278
108 101 -0.806291815
91 102 0
92 102 0
93 102 0
94 102 -0.088845708
95 102 0.0564357128
96 102 -0.994445318
97 102 1.96650976
98 102 2.23212019
99 102 -2.11685769e-07
100 102 -3.46518593
101 102 3.05284829
102 102 10.8495201
103 102 2.53560314
104 102 -1.33366488
105 102 -0.800985609
106 102 -0.516866081
107 102 -0.800561826
108 102 -0.303233859
97 103 0.623187939
98 103 0.586930039
99 103 -0.5168663
100 103 0.105260887
101 103 2.12115656
102 103 2.53560314
103 103 2.00000086
104 103 4.52072603e-08
105 103 5.2071702e-08
106 103 -1.7141319e-07
107 103 0.517637832
108 103 -1.84538805
109 103 -0.433371182
110 103 0.692655733
111 103 -0.576557238
112 103 0
113 103 0
114 103 0
97 104 -0.594721798
98 104 -0.073534996
99 104 -0.80056173
100 104 1.68846924
101 104 0.863692242
102 104 -1.33366488
103 104 4.52072603e-08
104 104 2.0000006
105 104 -3.21580659e-07
106 104 -0.517637914
107 104 -1.78970486e-08
108 104 -0.430606174
109 104 -0.899745424
110 104 -0.369068268
111 104 0.232910847
112 104 0
113 104 0
114 104 0
97 105 0.507881532
98 105 -0.806291505
99 105 -0.303233617
100 105 1.8480142
101 105 1.46529889
102 105 -0.800985609
103 105 5.2071702e-08
104 105 -3.21580659e-07
105 105 2.00000024
106 105 1.8453877
107 105 0.430606068
108 105 1.89310239e-07
109 105 0.0514622025
110 105 -0.619691163
111 105 -0.783156885
112 105 0
113 105 0
114 105 0
97 106 0
98 106 0
99 106 0
100 106 0.623187715
101 106 0.586930017
102 106 -0.516866081
103 106 -1.7141319e-07
104 106 -0.517637914
105 106 1.8453877
106 106 5.67340494
107 106 0.794635073
108 106 0.222898295
109 106 0.560709919
110 106 -0.952526747
111 106 -1.56579149
112 106 -0.433371037
113 106 0.692655571
114 106 -0.57655717
97 107 0
98 107 0
99 107 0
100 107 -0.594721678
101 107 -0.073535278
102 107 -0.800561826
103 107 0.517637832
104 107 -1.78970486e-08
105 107 0.430606068
106 107 0.794635073
107 107 2.45337099
108 107 -0.955242191
109 107 -0.202169349
110 107 0.0917019609
111 107 -0.635679936
112 107 -0.899745283
113 107 -0.369068421
114 107 0.232910653
97 108 0
98 108 0
99 108 0
100 108 0.507881362
101 108 -0.806291815
102 108 -0.303233859
103 108 -1.84538805
104 108 -0.430606174
105 108 1.89310239e-07
106 108 0.222898295
107 108 -0.955242191
108 108 5.59087871
109 108 1.1871737
110 108 -1.11929528
111 108 0.963678772
112 108 0.0514619652
113 108 -0.619691391
114 108 -0.783157075
103 109 -0.433371182
104 109 -0.899745424
105 109 0.0514622025
106 109 0.560709919
107 109 -0.202169349
108 109 1.1871737
109 109 2.00000066
110 109 -2.01037642e-07
111 109 -3.90064798e-08
112 109 1.45583902e-07
113 109 4.49248031
114 109 -0.159968501
115 109 -0.272085851
116 109 0.244364285
117 109 0.930728473
118 109 0
119 109 0
120 109 0
103 110 0.692655733
104 110 -0.369068268
105 110 -0.619691163
106 110 -0.952526747
107 110 0.0917019609
108 110 -1.11929528
109 110 -2.01037642e-07
110 110 2.00000045
111 110 -1.17910019e-07
112 110 -4.49248121
113 110 -6.76688107e-07
114 110 7.13586956
115 110 -0.95768889
116 110 -0.163064176
117 110 -0.237154626
118 110 0
119 110 0
120 110 0
103 111 -0.576557238
104 111 0.232910847
105 111 -0.783156885
106 111 -1.56579149
107 111 -0.635679936
108 111 0.963678772
109 111 -3.90064798e-08
110 111 -1.17910019e-07
111 111 2.00000046
112 111 0.159967943
113 111 -7.13586845
114 111 5.31104205e-07
115 111 -0.093816572
116 111 0.955874572
117 111 -0.278392293
118 111 0
119 111 0
120 111 0
103 112 0
104 112 0
105 112 0
106 112 -0.433371037
107 112 -0.899745283
108 112 0.0514619652
109 112 1.45583902e-07
110 112 -4.49248121
111 112 0.159967943
112 112 22.2079741
113 112 -1.14150944
114 112 -32.0577545
115 112 4.28739096
116 112 0.885472232
117 112 1.02087859
118 112 -0.272085843
119 112 0.244364181
120 112 0.93072846
103 113 0
104 113 0
105 113 0
106 113 0.692655571
107 113 -0.369068421
108 113 -0.619691391
109 113 4.49248031
110 113 -6.76688107e-07
111 113 -7.13586845
112 113 -1.14150944
113 113 73.1029982
114 113 -0.718659125
115 113 -0.552877665
116 113 -5.72319333
117 113 6.16785024
118 113 -0.957688737
119 113 -0.163064313
120 113 -0.237154533
103 114 0
104 114 0
105 114 0
106 114 -0.57655717
107 114 0.232910653
108 114 -0.783157075
109 114 -0.159968501
110 114 7.13586956
111 114 5.31104205e-07
112 114 -32.0577545
113 114 -0.718659125
114 114 52.946216
115 114 -6.79041675
116 114 -1.20269503
117 114 -1.84119122
118 114 -0.093816385
119 114 0.955874612
120 114 -0.278392353
109 115 -0.272085851
110 115 -0.95768889
111 115 -0.093816572
112 115 4.28739096
113 115 -0.552877665
114 115 -6.79041675
115 115 2.00000029
116 115 4.29271138e-08
117 115 -4.36426005e-08
118 115 -7.70507098e-07
119 115 6.11322264
120 115 2.51530843
121 115 -0.268793415
122 115 0.0903725514
123 115 -0.958949068
124 115 0
125 115 0
126 115 0
109 116 0.244364285
110 116 -0.163064176
111 116 0.955874572
112 116 0.885472232
113 116 -5.72319333
114 116 -1.20269503
115 116 4.29271138e-08
116 116 2.00000011
117 116 1.18205207e-07
118 116 -6.11322354
119 116 1.64464161e-06
120 116 -8.52825581
121 116 0.882756811
122 116 -0.375190724
123 116 -0.2827954
124 116 0
125 116 0
126 116 0
109 117 0.930728473
110 117 -0.237154626
111 117 -0.278392293
112 117 1.02087859
113 117 6.16785024
114 117 -1.84119122
115 117 -4.36426005e-08
116 117 1.18205207e-07
117 117 2.00000024
118 117 -2.51531043
119 117 8.52825624
120 117 -8.74134513e-07
121 117 0.385345833
122 117 0.922532108
123 117 -0.021071905
124 117 0
125 117 0
126 117 0
109 118 0
110 118 0
111 118 0
112 118 -0.272085843
113 118 -0.957688737
114 118 -0.093816385
115 118 -7.70507098e-07
116 118 -6.11322354
117 118 -2.51531043
118 118 45.698279
119 118 -21.4512129
120 118 52.135126
121 118 -6.36575264
122 118 -0.0268293505
123 118 1.78179351
124 118 -0.268793655
125 118 0.0903725508
126 118 -0.958949315
109 119 0
110 119 0
111 119 0
112 119 0.244364181
113 119 -0.163064313
114 119 0.955874612
115 119 6.11322264
116 119 1.64464161e-06
117 119 8.52825624
118 119 -21.4512129
119 119 112.102632
120 119 15.3766321
121 119 1.64313354
122 119 8.42005638
123 119 -6.04197543
124 119 0.882756609
125 119 -0.375190819
126 119 -0.282795204
109 120 0
110 120 0
111 120 0
112 120 0.93072846
113 120 -0.237154533
114 120 -0.278392353
115 120 2.51530843
116 120 -8.52825581
117 120 -8.74134513e-07
118 120 52.135126
119 120 15.3766321
120 120 81.0579178
121 120 -8.20447362
122 120 3.42703702
123 120 -0.000302354054
124 120 0.385345636
125 120 0.922531993
126 120 -0.0210717688
115 121 -0.268793415
116 121 0.882756811
117 121 0.385345833
118 121 -6.36575264
119 121 1.64313354
120 121 -8.20447362
121 121 2.00000084
122 121 5.01402527e-08
123 121 -2.34932116e-07
124 121 -1.96760926e-07
125 121 -9.23799031
126 121 7.01842701
127 121 -0.49348725
128 121 -0.359264774
129 121 0.792085784
130 121 0
131 121 0
132 121 0
115 122 0.0903725514
116 122 -0.375190724
117 122 0.922532108
118 122 -0.0268293505
119 122 8.42005638
120 122 3.42703702
121 122 5.01402527e-08
122 122 2.00000063
123 122 -1.12162465e-07
124 122 9.23798962
125 122 -9.0007432e-08
126 122 -9.59367964
127 122 0.157413902
128 122 -0.932554715
129 122 -0.324904667
130 122 0
131 122 0
132 122 0
115 123 -0.958949068
116 123 -0.2827954
117 123 -0.021071905
118 123 1.78179351
119 123 -6.04197543
120 123 -0.000302354054
121 123 -2.34932116e-07
122 123 -1.12162465e-07
123 123 2.00000044
124 123 -7.0184272
125 123 9.59368059
126 123 2.86768357e-07
127 123 -0.855389762
128 123 0.035651221
129 123 -0.516756956
130 123 0
131 123 0
132 123 0
115 124 0
116 124 0
117 124 0
118 124 -0.268793655
119 124 0.882756609
120 124 0.385345636
121 124 -1.96760926e-07
122 124 9.23798962
123 124 -7.0184272
124 124 136.598763
125 124 -67.3325389
126 124 -88.6263122
127 124 7.45767777
128 124 -8.865146
129 124 0.625354643
130 124 -0.49348727
131 124 -0.359264761
132 124 0.792085569
115 125 0
116 125 0
117 125 0
118 125 0.0903725508
119 125 -0.375190819
120 125 0.922531993
121 125 -9.23799031
122 125 -9.0007432e-08
123 125 9.59368059
124 125 -67.3325389
125 125 179.379153
126 125 -64.8361511
127 125 -3.6475052
128 125 3.66091055
129 125 -12.2748806
130 125 0.157413715
131 125 -0.932554767
132 125 -0.324904738
115 126 0
116 126 0
117 126 0
118 126 -0.958949315
119 126 -0.282795204
120 126 -0.0210717688
121 126 7.01842701
122 126 -9.59367964
123 126 2.86768357e-07
124 126 -88.6263122
125 126 -64.8361511
126 126 143.296999
127 126 -4.9736823
128 126 6.42515773
129 126 8.67622675
130 126 -0.855389941
131 126 0.0356509985
132 126 -0.516757006
121 127 -0.49348725
122 127 0.157413902
123 127 -0.855389762
